1.253402833000000000e+09
1.258147757400000095e+09
1.261100537599999905e+09
1.261346253900000095e+09
1.263002916200000048e+09
1.263611886900000095e+09
1.264624567000000000e+09
1.265755544500000000e+09
1.265755544500000000e+09
1.266178465900000095e+09
1.267957899700000048e+09
1.238303737200000048e+09
1.238782700299999952e+09
1.238782700200000048e+09
1.239082262200000048e+09
1.239082262200000048e+09
1.239082262200000048e+09
1.239082262099999905e+09
1.239168612500000000e+09
1.239168612500000000e+09
1.239198206700000048e+09
1.239198206700000048e+09
1.239917954299999952e+09
1.239917954200000048e+09
1.240164426099999905e+09
1.240164426099999905e+09
1.240215503000000000e+09
1.240215503000000000e+09
1.240215503000000000e+09
1.240327333299999952e+09
1.240327333299999952e+09
1.240340820599999905e+09
1.240944862299999952e+09
1.240944862200000048e+09
1.241719652400000095e+09
1.241719652400000095e+09
1.241816086799999952e+09
1.241816086700000048e+09
1.241852074799999952e+09
1.241852074799999952e+09
1.242107479799999952e+09
1.242107479799999952e+09
1.242315362400000095e+09
1.242315362299999952e+09
1.242442967400000095e+09
1.242442967400000095e+09
1.242442967400000095e+09
1.242442967400000095e+09
1.242459857500000000e+09
1.242459857400000095e+09
1.242984073799999952e+09
1.242984073700000048e+09
1.243305426299999952e+09
1.243533585099999905e+09
1.243533585000000000e+09
1.245035079299999952e+09
1.245035079299999952e+09
1.245955943200000048e+09
1.245955943099999905e+09
1.246048404599999905e+09
1.246048404500000000e+09
1.246487219299999952e+09
1.246487219299999952e+09
1.246527224200000048e+09
1.246527224099999905e+09
1.246663515400000095e+09
1.246663515299999952e+09
1.247608532900000095e+09
1.247608532900000095e+09
1.247616534700000048e+09
1.247616534700000048e+09
1.248112066400000095e+09
1.248242632000000000e+09
1.248242631900000095e+09
1.248331528500000000e+09
1.248331528500000000e+09
1.248617394599999905e+09
1.248617394599999905e+09
1.248834439900000095e+09
1.248834439799999952e+09
1.249074715299999952e+09
1.249852257000000000e+09
1.249852257000000000e+09
1.249852257000000000e+09
1.251009263799999952e+09
1.251009263700000048e+09
1.251010527900000095e+09
1.251010527799999952e+09
1.252064527700000048e+09
1.252064527700000048e+09
1.252150105299999952e+09
1.252150105299999952e+09
1.252627040700000048e+09
1.252627040599999905e+09
1.252699636900000095e+09
1.252756008000000000e+09
1.253326744799999952e+09
1.253326744799999952e+09
1.253489343099999905e+09
1.253509434000000000e+09
1.253755327500000000e+09
1.253755327400000095e+09
1.253885759200000048e+09
1.253885759200000048e+09
1.256779567500000000e+09
1.256999739900000095e+09
1.257296855200000048e+09
1.257664691799999952e+09
1.258804397599999905e+09
1.258866165500000000e+09
1.259070047099999905e+09
1.259492747500000000e+09
1.259514944000000000e+09
1.260484270299999952e+09
1.260567236400000095e+09
1.260808298400000095e+09
1.261020955099999905e+09
1.261764316400000095e+09
1.262276684000000000e+09
1.262276684000000000e+09
1.262879936000000000e+09
1.263097407700000048e+09
1.263097407700000048e+09
1.264213229900000095e+09
1.264316116400000095e+09
1.264693411500000000e+09
1.265202095900000095e+09
1.265235995900000095e+09
1.265273710099999905e+09
1.265361792900000095e+09
1.265926102799999952e+09
1.266140673099999905e+09
1.266214786700000048e+09
1.266238148099999905e+09
1.266618172400000095e+09
1.266645879299999952e+09
1.267149509500000000e+09
1.267522652099999905e+09
1.267724187700000048e+09
1.267963151299999952e+09
1.268431094099999905e+09
1.268903511299999952e+09
